# step, loss_train, loss_test, metrics_test
0.000000000000000000e+00 3.056341782212257385e-02 3.136000000000000000e+05 9.999999439624929209e-11 0.000000000000000000e+00 3.183115966796875000e+03 3.056735731661319733e-02 3.136000000000000000e+05 9.999999439624929209e-11 0.000000000000000000e+00 3.183115966796875000e+03 9.999999985958673010e-01
1.000000000000000000e+03 5.429049491882324219e+00 2.465834375000000000e+05 2.035532836914062500e+02 8.378422955424014162e-10 2.561027832031250000e+03 5.429039478302001953e+00 2.465834375000000000e+05 2.035532836914062500e+02 8.378422955424014162e-10 2.561027832031250000e+03 9.999992572444599270e-01
2.000000000000000000e+03 5.428013324737548828e+00 2.006733750000000000e+05 2.035509338378906250e+02 1.803557303503566800e-11 2.561039550781250000e+03 5.428011417388916016e+00 2.006733750000000000e+05 2.035509338378906250e+02 1.803557303503566800e-11 2.561039550781250000e+03 9.999986998743181088e-01
3.000000000000000000e+03 5.427712440490722656e+00 1.607780000000000000e+05 2.035508270263671875e+02 1.623201573153210120e-12 2.561041015625000000e+03 5.427711963653564453e+00 1.607780000000000000e+05 2.035508270263671875e+02 1.623201573153210120e-12 2.561041015625000000e+03 9.999981609757599976e-01
4.000000000000000000e+03 5.427455425262451172e+00 1.260952578125000000e+05 2.035511016845703125e+02 3.122502256758252770e-13 2.561041259765625000e+03 5.427455425262451172e+00 1.260952578125000000e+05 2.035511016845703125e+02 3.122502256758252770e-13 2.561041259765625000e+03 9.999976349452646129e-01
5.000000000000000000e+03 5.427173137664794922e+00 9.621054687500000000e+04 2.035513153076171875e+02 8.198247081203646758e-10 2.561041259765625000e+03 5.427173137664794922e+00 9.621054687500000000e+04 2.035513153076171875e+02 8.198247081203646758e-10 2.561041259765625000e+03 9.999971198278585494e-01
6.000000000000000000e+03 5.426855564117431641e+00 7.086730468750000000e+04 2.035515899658203125e+02 2.249628414574544877e-05 2.561041015625000000e+03 5.426855564117431641e+00 7.086730468750000000e+04 2.035515899658203125e+02 2.249628414574544877e-05 2.561041015625000000e+03 9.999966156647228654e-01
7.000000000000000000e+03 5.426502227783203125e+00 4.987156640625000000e+04 2.035520019531250000e+02 4.328143399234818389e-11 2.561040527343750000e+03 5.426501274108886719e+00 4.987156640625000000e+04 2.035520019531250000e+02 4.328143399234818389e-11 2.561040527343750000e+03 9.999961237960488525e-01
8.000000000000000000e+03 5.426110267639160156e+00 3.303671093750000000e+04 2.035523529052734375e+02 2.145483449567109346e-06 2.561040039062500000e+03 5.426111221313476562e+00 3.303671093750000000e+04 2.035523529052734375e+02 2.145483449567109346e-06 2.561040039062500000e+03 9.999956472378170869e-01
9.000000000000000000e+03 5.425690650939941406e+00 2.014511132812500000e+04 2.035528411865234375e+02 9.408966938906360156e-10 2.561039306640625000e+03 5.425691127777099609e+00 2.014511132812500000e+04 2.035528411865234375e+02 9.408966938906360156e-10 2.561039306640625000e+03 9.999951905248976036e-01
1.000000000000000000e+04 5.425247192382812500e+00 1.091269921875000000e+04 2.035532531738281250e+02 2.454841885324299255e-11 2.561039306640625000e+03 5.425247192382812500e+00 1.091269921875000000e+04 2.035532531738281250e+02 2.454841885324299255e-11 2.561039306640625000e+03 9.999947608524388798e-01
1.100000000000000000e+04 5.424788951873779297e+00 4.945624511718750000e+03 2.035537109375000000e+02 1.386885742249432951e-06 2.561038818359375000e+03 5.424789428710937500e+00 4.945624511718750000e+03 2.035537109375000000e+02 1.386885742249432951e-06 2.561038818359375000e+03 9.999943693661463850e-01
1.200000000000000000e+04 5.424339294433593750e+00 1.683443237304687500e+03 2.035543212890625000e+02 6.496061359939631075e-07 2.561038085937500000e+03 5.424339771270751953e+00 1.683443237304687500e+03 2.035543212890625000e+02 6.496061359939631075e-07 2.561038085937500000e+03 9.999940334337161785e-01
1.300000000000000000e+04 5.423908233642578125e+00 3.510614318847656250e+02 2.035545806884765625e+02 1.067380850372501300e-09 2.561037841796875000e+03 5.423908233642578125e+00 3.510614318847656250e+02 2.035545806884765625e+02 1.067380850372501300e-09 2.561037841796875000e+03 9.999937778011416256e-01
1.400000000000000000e+04 5.423534393310546875e+00 3.049690055847167969e+01 2.035548858642578125e+02 1.354671930187123507e-11 2.561037597656250000e+03 5.423534870147705078e+00 3.049690055847167969e+01 2.035548858642578125e+02 1.354671930187123507e-11 2.561037597656250000e+03 9.999936262706800028e-01
1.500000000000000000e+04 5.423263072967529297e+00 5.597567558288574219e-01 2.035565795898437500e+02 2.530501035380439134e-07 2.561035888671875000e+03 5.423263549804687500e+00 5.597567558288574219e-01 2.035565795898437500e+02 2.530501035380439134e-07 2.561035888671875000e+03 9.999935715280541260e-01
1.600000000000000000e+04 5.423871040344238281e+00 7.081627845764160156e-04 2.035898590087890625e+02 7.508266230971116784e-11 2.561001708984375000e+03 5.423871040344238281e+00 7.081627845764160156e-04 2.035898590087890625e+02 7.508266230971116784e-11 2.561001708984375000e+03 9.999935632482246373e-01
1.700000000000000000e+04 5.422661781311035156e+00 1.253187656402587891e-05 2.035547180175781250e+02 8.081777025381597923e-09 2.561037597656250000e+03 5.422661781311035156e+00 1.253187656402587891e-05 2.035547180175781250e+02 8.081777025381597923e-09 2.561037597656250000e+03 9.999935629857023001e-01
1.800000000000000000e+04 5.422004222869873047e+00 4.563480615615844727e-06 2.035402526855468750e+02 9.802394060898222961e-07 2.561052490234375000e+03 5.422004222869873047e+00 4.563480615615844727e-06 2.035402526855468750e+02 9.802394060898222961e-07 2.561052490234375000e+03 9.999935629606832022e-01
1.900000000000000000e+04 5.422157764434814453e+00 1.642853021621704102e-06 2.035561065673828125e+02 1.209859590289852349e-07 2.561036376953125000e+03 5.422157287597656250e+00 1.642853021621704102e-06 2.035561065673828125e+02 1.209859590289852349e-07 2.561036376953125000e+03 9.999935629620149147e-01
2.000000000000000000e+04 5.421917915344238281e+00 5.364418029785156250e-07 2.035573425292968750e+02 9.295044378632155713e-08 2.561034912109375000e+03 5.421918869018554688e+00 5.364418029785156250e-07 2.035573425292968750e+02 9.295044378632155713e-08 2.561034912109375000e+03 9.999935629499467904e-01
